2613
2612
2611
2613
2612
2613
2612
2613
2612
2613
2611
2608
2613
2613
2612
2612
2612
2612
2612
2612
2612
2612
2612
2611
2612
2612
2608
2614
-203
2612
-204
2612
-204
2612
-205
2612
-205
2611
2610
2612
2612
2613
2609
2612
2612
2612
2612
2612
2612
2612
2612
2612
2613
2612
2612
2612
2613
2608
2612
2613
2612
2612
2612
2612
2612
2608
2612
2612
2611
2611
-257
2612
2612
2612
-257
2612
-257
2612
-257
2611
-257
2613
2613
2611
2612
2612
2612
2613
2612
2611
2611
2611
2612
2613
2612
2612
2612
2613
2613
2613
2612
2612
2612
2612
2611
2612
2609
2613
2612
2612
2608
2612
2612
2612
2612
2612
2611
2612
2611
-257
2612
-257
2613
-257
2613
-257
2610
-257
2612
-257
2612
-257
2612
-257
2612
2612
2611
2612
2612
2612
2612
2612
2612
2613
2612
2612
2611
2612
2613
2612
2612
2613
2612
2611
2612
2612
2611
2612
-204
2612
2609
2612
2612
2612
-204
2612
-207
12337
-199
2612
-208
2608
-208
2608
2608
2611
13105
2612
2608
2608
2615
13105
13105
2609
2608
2609
2613
12849
12849
2608
2608
2608
2614
2608
2610
2608
2608
2608
2608
2609
2609
13617
14129
12593
2608
-208
2608
-208
2608
-208
13875
-208
13106
-205
2608
-208
2608
-208
2611
13881
13368
14136
12593
12849
2608
14136
2608
13107
2608
2608
13109
2608
14385
2608
2608
2608
12853
14385
13105
13369
13368
12598
2608
2608
14387
12593
-203
2613
14388
13619
-257
2608
2608
2608
-257
12849
-257
12594
13361
14389
13364
13621
13618
12338
14644
12856
13620
13619
12850
2608
13878
2608
2608
2608
12852
12343
12342
14648
12593
13625
13620
12339
13107
2608
2615
13364
2608
2608
12337
12597
-206
13618
-207
12593
-207
-257
-206
13618
12338
12338
-206
12850
12594
14386
13361
12594
14641
13873
13617
13617
14385
13873
13105
13617
13361
13105
13105
12849
13105
12849
12849
12593
12593
2609
12849
2613
12593
12337
12337
12337
2617
-257
2616
-257
2616
-257
2615
-257
2615
