2613
2612
2612
2612
2612
-205
2612
-205
2608
-203
2613
-204
2611
2612
2612
2611
2613
2613
2612
2611
2612
2612
2611
2612
2609
2612
2611
2613
2612
2612
2612
2612
2612
2612
2609
2612
2612
2612
2613
2613
2612
2608
2617
2613
2614
2613
2612
2612
2612
2613
2612
-257
2613
13311
2612
-257
2612
-257
2612
-257
2611
-257
2612
2612
2611
2611
2612
2611
12337
2608
2616
2615
2617
2608
2608
2608
2608
2608
2608
2608
12337
2610
2608
2608
2608
2608
2608
13361
2610
12337
2608
2608
2608
2612
14591
12337
2608
2617
13567
13617
-257
2608
-257
2612
-257
12593
-257
12593
12849
13105
12849
12849
12337
12337
2616
12593
2617
2616
2614
2617
2613
2616
2617
2616
2614
2615
13105
12594
12594
14385
14129
2617
2608
2608
2610
2613
2613
2616
2614
2615
2615
-257
2614
-257
2614
-257
2613
-257
2613
-257
2613
-257
2612
2613
2612
2612
2612
2612
2612
2612
2612
2612
2613
2613
2612
2613
2613
2612
2612
2612
2613
2613
2612
2612
2613
2612
2612
2612
