9
10761
9
9
18440
8
8
8
8
8
8
9
8
-248
7
3
2
3
2
-254
2
-254
1
2
2
0
1
2
2
-254
2
2
-257
2
2
2
2
2
3
2
2
2
2
2
3
-257
2
2
2
2
2
3
3
3
3
2
2
2
-257
3
3
3
2
2
2
0
0
-254
0
1
5
-250
6
5
5
6
6
6
5
5
7
7
7
-257
-250
6
6
6
6
5
5
6
6
-251
5
5
6
-250
5
5
5
6
5
5
-257
5
5
5
-257
5
3
4
4
5
-251
5
5
5
5
4
4
-257
5
5
5
5
5
4
5
5
4
4
4
4
-257
4
4
3
4
5
4
4
-257
4
4
4
5
-251
4
4
4
4
4
3
4
4
4
3
4
4
-252
3
4
5
4
4
5
4
-251
4
4
5
5
4
3
4
3
3
3
3
3
4
5
4
-257
3
4
4
4
4
3
3
4
4
-252
4
3
4
4
3
3
3
4
4
3
4
3
4
4
4
3
4
4
-257
3
3
3
3
3
3
3
3
-257
3
3
4
-257
4
3
4
4
4
3
3
4
4
4
3
2
-257
3
2
2
4
3
4
3
4
-252
2
4
3
-252
4
4
3
4
3
3
3
3
4
3
3
-257
-252
4
5
5
4
3
3
5
4
-252
4
3
3
-256
0
0
1
0
0
0
0
-256
0
4
8
-247
9
8
1
4
8
8
5
0
0
0
0
-257
8
0
0
0
0
3
0
0
0
3
0
0
-257
0
0
9
0
0
0
0
-257
0
16
0
0
-242
20
22
5
0
0
0
6
20
23
23
23
22
-234
20
21
20
20
19
19
19
18
17
17
17
17
16
16
16
16
16
14
15
14
14
13
12
13
-243
12
12
12
12
12
12
12
13
11
11
11
11
12
12
11
10
10
10
9
10
-247
8
8
9
8
8
7
-257
0
5
0
0
4
10
7
0
-257
0
0
0
-257
0
0
0
0
0
0
0
0
0
15
17
2
-257
0
15
19
20
20
19
19
18
18
17
17
17
-240
16
15
15
15
15
15
14
-257
14
14
13
13
-243
13
13
13
12
11
10
10
11
11
11
10
11
-245
10
10
10
10
10
9
9
-247
9
8
9
9
8
8
8
9
8
7
8
8
8
8
8
-257
8
7
7
7
7
7
7
7
7
6
6
6
6
6
6
6
5
7
6
5
6
6
5
6
6
6
5
6
-257
5
5
6
5
5
5
5
4
-257
5
5
5
-257
5
4
5
4
4
4
5
4
5
4
4
3
-257
4
4
4
4
5
4
4
5
-251
5
5
5
-251
4
3
4
0
0
3
0
2
6
6
6
-257
-249
6
6
7
7
6
6
6
6
6
6
7
7
-250
6
6
6
6
6
5
-257
5
6
5
5
-251
5
5
6
5
5
5
4
4
5
5
5
-257
4
4
4
5
5
5
6
4
5
5
4
4
5
4
4
4
4
3
4
5
4
4
4
4
4
-252
4
4
-257
4
4
4
4
4
3
4
4
4
5
4
4
-257
5
4
4
4
3
4
4
4
4
4
4
4
-257
4
4
4
4
5
4
4
3
-252
4
4
4
-252
4
4
4
5
5
4
4
5
4
4
3
3
3
4
4
4
-253
3
4
3
4
4
4
-257
4
3
3
4
4
4
3
3
-257
4
3
2
3
-254
2
3
3
4
4
3
0
0
0
0
-254
-257
1
5
6
0
0
0
0
0
8
8
10
10
-247
9
10
10
10
9
9
9
-257
9
8
8
8
-248
8
8
8
7
7
7
7
7
7
7
-257
7
-250
6
6
6
7
7
6
6
-249
6
6
6
5
5
4
4
5
5
5
5
6
6
6
6
-257
7
6
5
5
6
5
5
6
5
5
4
4
5
4
4
4
5
5
5
4
5
5
4
4
4
5
5
5
-257
4
4
3
3
4
3
4
4
-257
4
4
4
-257
4
4
4
4
4
4
4
5
5
4
4
-257
-257
3
3
3
3
4
4
4
4
-251
4
4
4
-256
0
0
0
4
6
7
-257
7
7
7
6
-257
-250
7
7
7
7
6
6
7
6
6
6
6
6
6
6
5
5
5
5
4
-257
5
5
4
5
-250
5
5
5
5
5
5
5
5
5
5
5
-257
4
4
4
4
4
4
4
4
4
3
4
4
5
4
5
-257
5
5
4
3
4
4
3
3
3
-252
4
3
-257
4
4
4
5
5
4
5
-257
4
4
3
4
-257
3
3
3
3
4
3
4
4
4
4
3
4
-252
4
4
4
4
4
2
2
-257
3
4
4
3
-252
4
4
4
4
4
4
4
4
3
3
4
3
-252
4
4
3
3
3
4
4
4
3
3
4
3
3
3
4
4
4
3
3
4
3
3
0
0
-256
0
0
0
3
7
7
0
0
0
0
-257
8
0
0
7
0
0
0
0
0
0
0
0
0
12
15
15
-257
1
12
10
3
13
15
15
15
-257
15
14
14
-257
13
12
12
11
13
0
3
-257
0
10
0
0
0
0
5
13
16
-240
15
15
15
14
14
13
12
13
13
13
12
13
12
12
12
-257
12
12
11
11
11
10
10
10
10
9
9
9
9
8
8
-257
9
9
9
9
9
9
8
8
8
-248
8
8
-257
7
7
8
7
7
7
6
7
-257
7
7
7
-257
7
6
6
6
7
6
6
6
6
5
5
-257
-250
5
5
5
5
5
5
5
5
-250
5
5
5
-251
0
0
4
0
0
0
-257
2
7
7
7
-257
8
7
7
8
8
7
7
7
8
7
