2611
13055
2612
-257
2612
-257
2608
-257
13567
-257
2612
2612
2612
-257
2612
2612
2612
2611
2612
2610
2613
2613
2612
2614
2612
2612
2612
2613
2612
2612
2613
2612
2608
2608
2613
2616
2614
2613
2612
2612
2612
2612
2612
2612
-204
2611
-206
13105
-207
13617
2608
2608
2608
2608
-205
2608
-208
12337
13361
12593
13873
2608
2608
2608
2608
2608
2608
2611
2608
13361
2608
12849
2609
2608
2610
2608
-257
2608
-257
2608
13361
2608
13617
-208
12849
-208
2617
-205
2609
-207
2608
-207
2608
-206
2608
-206
2608
12850
2608
12593
2608
2615
2608
2609
2611
2608
2611
2608
2609
2608
2610
2608
2608
2614
13617
13105
2614
2608
2616
2616
2615
2608
2613
2617
2613
2613
2611
2616
2612
12337
2615
2615
-208
2612
-200
2609
-200
2611
-201
2611
2612
2615
2608
2612
2613
2608
2613
2613
2613
2614
2613
2611
2616
2610
2617
2608
2613
2614
2615
2616
2613
2615
2608
2615
2616
2615
2614
2612
2608
2610
2614
2608
2610
2613
2610
2609
13055
2614
-257
12849
-257
14129
-257
13873
-257
2615
2613
2611
2612
2612
2608
2610
2609
2610
2611
2608
2612
2611
2610
2612
2611
2611
2612
2612
2612
2611
2611
2612
2611
2611
2612
2611
2612
2612
2611
2611
2610
2611
2611
2611
2612
-257
