-257
4
-257
3
-257
4
-253
4
-253
4
-253
4
4
4
3
-257
0
4
5
5
3
4
5
5
5
5
4
5
4
4
5
4
4
5
5
4
5
4
3
5
5
4
4
5
3
3
4
4
4
4
4
4
3
4
4
-257
4
-257
4
-257
4
-257
4
-257
4
-252
3
-252
4
-251
4
-252
4
-252
-257
4
-257
4
-257
4
-257
3
-257
4
4
5
4
4
4
4
4
0
4
6
5
-257
4
-257
4
-257
5
4
4
4
4
2
5
5
4
5
5
4
5
3
4
4
3
5
5
4
4
5
4
5
4
4
5
4
4
4
4
5
4
2
4
4
5
4
4
6
5
-257
3
-251
-257
-252
4
-252
4
-252
5
-252
4
5
-257
4
-257
4
-257
0
4
4
5
3
4
4
4
4
3
4
0
4
3
-257
5
-257
4
-257
5
-257
4
5
4
4
5
4
4
4
4
4
4
5
4
5
4
4
3
4
4
4
3
4
-252
4
5
4
4
4
-252
4
-252
4
3
-257
4
-257
3
-257
3
-257
5
-252
4
-252
4
-252
4
4
5
4
4
4
-257
4
4
4
3
4
3
4
4
4
4
4
5
4
5
3
4
4
4
4
4
4
4
4
4
4
4
4
4
5
5
4
4
4
4
4
7
8
2
0
9
16
0
0
58
6
26
0
11
15
-256
0
-203
44
-256
8
-256
10
0
-257
16
-257
0
-257
5
-257
5
1
17
4
8
47
15
25
52
0
0
0
0
0
0
0
10
18
22
40
0
2
9
4
0
0
0
0
11
21
4
3
0
9
0
8
1
0
8
-257
7
-256
0
-244
8
-246
0
-252
6
-252
14
0
0
10
8
0
-257
17
0
11
-252
11
-255
3
-247
3
-256
5
-244
2
0
-257
13
0
12
-257
12
14
12
12
3
8
10
6
7
1
9
6
8
4
0
36
8
5
7
6
4
7
4
5
4
5
5
4
5
5
3
4
4
4
1
4
4
6
4
3
3
5
4
4
3
3
4
4
4
-252
5
-252
4
3
-257
4
-257
0
-257
4
-257
4
-257
4
-252
4
4
4
3
3
3
5
3
-257
4
4
4
4
4
4
4
4
3
3
3
4
4
4
4
5
3
5
6
4
3
4
5
5
4
5
4
4
0
4
4
4
4
3
4
4
-252
3
4
4
3
4
4
4
4
-257
4
-252
3
-253
3
-256
3
-252
3
3
3
-253
-257
4
-257
4
-257
4
4
4
4
1
6
5
5
4
3
4
4
4
4
4
5
4
5
2
4
4
4
5
4
4
3
