35331
3
3
18432
3
4
-252
-257
3
3
3
3
3
1
0
0
0
0
0
-256
0
0
0
0
0
0
0
0
0
0
0
-257
-256
0
1
0
0
0
0
0
1
-255
0
-257
0
0
1
2
1
1
1
0
-257
1
1
1
-257
2
1
2
2
2
1
2
2
2
1
2
2
1
-254
1
1
1
2
1
1
2
-254
2
1
1
2
1
3
3
2
2
2
1
3
2
2
2
2
-254
2
2
2
3
2
3
2
2
2
2
3
3
3
2
3
3
2
2
3
1
3
3
2
3
-253
3
3
2
4
2
2
4
3
3
2
3
-257
-254
2
3
2
3
2
3
3
2
3
3
3
3
3
3
3
4
3
2
3
-257
0
0
0
0
-256
0
0
6
0
3
7
8
9
8
7
6
0
0
0
0
0
0
0
0
0
-256
0
0
0
-256
0
9
17
12
0
0
0
0
0
0
0
0
-256
0
0
0
0
0
0
0
3
0
0
-257
0
-256
0
12
25
0
0
12
15
-256
0
0
0
0
0
0
0
0
0
17
2
0
0
0
7
-257
0
12
16
6
25
29
29
30
29
28
27
27
25
26
25
25
25
24
24
23
22
23
21
20
20
-236
18
19
-257
17
17
16
17
16
17
16
16
16
16
15
15
-257
14
14
13
13
13
12
12
12
13
11
3071
12
12
11
12
10
-257
12
11
11
10
-245
9
10
10
10
9
10
10
9
8
9
-257
8
8
7
8
9
9
8
7
8
8
7
7
7
7
6
6
-257
7
7
6
6
6
6
6
5
-257
7
7
7
-257
7
5
5
6
7
5
5
-257
4
-251
4
4
5
5
5
4
5
-250
4
5
6
5
3
5
6
0
0
0
4
7
6
7
7
-257
7
7
7
7
6
7
6
7
7
6
7
6
6
6
5
-257
5
6
4
5
5
6
5
6
5
-251
25
31
-257
25
17
2
2
0
7
7
0
0
0
0
0
-257
0
5
3
0
4
6
6
4
8
8
6
-257
-249
12
10
9
6
0
11
2
2
-250
5
3
5
-254
0
0
1
4
0
1
-257
2
3
3
4
-257
-251
8
7
12
11
3
3
0
0
1
1
2
2
4
2
4
3
4
7
8
-257
8
3
3
0
-255
0
3
6
4
4
4
4
6
6
8
6
5
5
4
2
3
3
2
2
1
-254
2
9
43
38
8
0
-257
0
1
0
0
0
0
0
0
6
-256
0
0
6
0
0
5
12
5
4
10
-257
0
-256
0
0
0
0
1
3
4
-255
15
1
10
13
15
18
11
13
4
1
0
3
10
8
6
-257
5
4
7
7
7
0
1
0
0
4
0
5
7
4
7
-257
6
5
7
6
1
3
0
0
0
0
0
0
-257
1
8
9
9
9
9
10
7
6
-252
3
1
0
0
0
0
0
0
1
12
1
0
0
255
0
3
4
5
6
-257
7
7
9
10
-246
11
9
10
8
7
5
3
1
1
2
-257
-250
9
12
19
26
24
22
17
12
12
12
14
15
-243
10
9
7
6
6
7
8
-257
7
6
5
3
-253
1
0
0
0
0
0
0
0
0
1
-257
2
3
5
6
6
7
7
7
8
-247
12
12
14
16
19
21
24
28
30
31
33
35
34
30
25
-257
20
22
22
22
22
20
18
14
12
9
11
10
10
8
5
-257
4
3
5
6
6
7
5
7
5
-250
9
10
-257
10
9
10
11
13
13
13
13
-257
13
1
0
-257
0
0
8
11
12
12
10
5
2
0
0
-257
-256
0
0
0
0
0
0
0
3
-252
6
7
7
-247
9
10
11
12
12
14
-257
13
11
10
9
-257
-250
6
5
2
0
0
0
0
0
0
0
0
0
0
0
0
0
0
0
0
-257
0
0
0
0
0
-256
0
0
0
0
0
0
0
0
0
0
-256
2
5
7
10
12
16
20
22
25
26
26
27
27
26
27
-257
29
30
31
32
32
31
30
32
32
-224
32
32
-257
31
31
31
31
31
30
30
-257
35
35
33
36
-257
41
42
41
42
41
40
38
37
36
35
36
36
-221
34
35
36
37
37
38
39
-257
38
35
35
35
-220
37
35
34
35
34
34
34
34
34
33
-257
32
-225
30
29
29
26
24
24
22
22
19
19
18
16
14
13
14
15
14
13
12
11
8
7
5
5
-253
2
0
0
0
0
0
0
0
0
0
-257
-256
0
1
0
0
0
0
0
0
-256
0
0
0
0
0
0
-257
0
0
0
7
0
23
52
83
-257
88
77
59
-257
16
10
2
6
0
0
0
-257
0
0
0
0
38
74
55
15
0
-246
22
61
54
68
62
40
26
19
17
14
11
10
9
8
8
-257
9
12
13
13
14
14
13
13
13
14
12
12
14
12
11
-257
12
15
16
14
12
14
17
15
16
-241
12
10
-257
8
9
8
9
10
10
11
-257
0
0
0
0
-257
12
17
19
2
16
16
16
15
13
9
8
-257
-244
13
15
16
15
12
9
5
3
-254
2
1
1
-255
0
0
0
0
0
0
-257
0
0
0
0
-256
-256
0
0
0
0
0
0
0
0
0
0
0
0
0
0
0
0
0
0
0
-257
0
0
0
0
0
0
0
0
0
0
0
0
0
0
0
0
-256
0
0
0
0
0
0
0
0
0
0
0
0
0
0
0
-257
0
0
0
0
0
0
0
0
0
-256
0
0
-257
0
0
0
0
0
0
0
-257
0
0
0
0
-256
0
0
0
0
0
0
0
0
0
0
0
0
-256
0
0
0
0
0
11
87
-257
112
64
0
0
-256
0
0
0
0
0
0
14
30
0
0
0
-256
0
27
0
0
0
0
36
0
0
0
0
0
0
0
0
0
0
0
0
0
0
0
0
0
0
-256
0
0
0
0
0
0
0
0
0
0
-257
0
0
0
-257
0
0
0
0
0
-256
0
0
0
0
0
0
-257
0
0
0
0
0
0
0
4
-252
15
7
12
-257
0
4
18
15
0
8
14
24
35
40
29
-257
-212
33
0
0
0
14
33
54
74
72
60
52
52
-202
56
60
65
62
51
37
19
-227
43
28
43
70
-209
65
105
118
64
18
29
47
82
95
84
-257
112
108
127
120
116
75
38
19
48
-124
119
65
17
35
65
79
89
89
76
62
57
69
68
69
66
-189
77
71
65
55
40
32
26
21
15
12
6
-257
5
7
4
-257
0
0
0
0
0
0
0
7
24
41
48
50
-257
46
34
24
19
19
19
20
17
-241
9
6
3
0
0
0
0
0
0
0
2
3
2
0
0
0
0
0
0
0
-256
0
0
0
0
-256
0
0
0
0
0
0
0
0
0
0
-257
0
0
0
-257
0
0
0
0
0
0
0
0
0
0
0
0
-257
0
0
0
0
0
0
0
0
0
-256
0
0
-257
0
0
0
0
0
0
0
-257
0
0
0
0
-256
0
0
0
0
0
0
0
0
0
0
0
0
-256
0
0
0
0
0
0
0
-256
0
0
0
0
-256
0
0
3
8
6
3
0
0
0
2
-257
11
10
9
9
11
11
10
12
15
-238
19
20
19
20
21
21
22
21
18
14
13
16
15
14
13
15
-240
19
23
25
24
21
16
10
5
2
0
-257
0
0
3
-257
20
22
23
25
27
-230
24
20
14
7
0
0
-257
2
0
0
0
0
0
0
0
-255
0
0
0
-257
0
0
0
0
0
0
0
0
0
0
5
2
-256
0
0
0
0
0
0
0
0
0
12
0
0
-255
11
11
10
11
8
6
10
-257
8
7
3
0
-256
0
0
0
0
0
0
0
0
0
0
-257
0
0
12
16
15
16
18
20
23
-232
23
17
8
2
0
0
0
0
0
0
0
0
2
7
10
-246
9
8
-257
5
7
8
6
5
5
5
6
-257
10
11
10
-257
14
13
13
13
15
11
6
4
4
7
10
12
-257
10
7
5
4
4
5
4
3
-255
0
1
2
-252
7
10
12
14
15
15
13
12
13
13
14
-257
-250
1
0
0
2
4
6
9
11
-244
11
11
13
-241
15
17
17
18
16
13
-257
3
1
0
0
-256
0
0
4
9
12
13
12
12
11
10
9
9
9
8
9
11
11
10
10
12
-240
18
20
19
17
15
14
14
17
18
18
17
15
14
13
13
14
-239
20
23
-257
30
35
32
31
29
30
29
32
32
32
29
27
-257
23
22
19
17
16
14
14
15
14
-245
8
9
-257
12
14
15
16
17
17
19
-257
21
19
13
11
-246
11
13
16
18
18
13
8
8
10
11
11
11
-243
17
22
26
29
29
28
23
-236
19
23
25
24
-236
17
15
15
14
13
13
13
13
11
12
15
-238
21
21
19
15
13
11
9
5
0
0
0
-257
0
0
2
2
2
1
1
2
-252
2
4
7
-245
12
12
14
12
13
12
7
4
4
5
9
-257
-241
16
15
17
19
20
21
21
23
-232
24
24
25
-227
33
35
34
33
30
31
-257
41
47
49
50
48
45
41
35
31
25
18
13
0
0
0
0
-257
0
0
0
1
10
20
11
16
16
22
25
66
102
138
134
169
207
215
191
159
122
91
51
25
13
-240
16
15
-257
0
0
0
0
0
0
0
0
0
-256
0
0
0
0
0
0
0
-256
0
0
3
11
-241
16
16
17
21
21
23
25
26
22
21
-257
16
10
5
5
9
12
17
22
23
-233
24
22
23
23
23
22
20
19
19
19
17
17
17
15
15
16
16
16
-257
15
15
15
16
19
21
22
23
-257
24
24
26
-257
24
22
22
20
21
20
21
20
19
-236
19
20
21
23
21
23
22
-233
21
20
21
-233
22
22
20
21
19
18
18
0
0
6
0
-257
19
20
21
21
22
21
20
20
19
18
18
18
16
17
15
14
16
14
0
0
0
10
0
0
13
-240
13
0
-257
0
0
0
0
0
0
0
0
0
0
0
0
-257
0
0
0
15
24
24
25
25
24
23
24
23
-257
22
21
23
22
19
20
23
-257
23
21
21
19
-236
19
20
20
29
15
6
4
1
6
8
11
-257
-245
10
11
11
13
14
14
17
17
15
15
17
18
-240
15
16
18
18
18
20
-257
16
15
11
11
-244
12
11
11
10
9
9
7
7
7
8
7
8
9
7
8
7
7
8
8
7
-248
7
5
6
8
9
9
10
13
10
12
7
3
6
9
10
-257
8
8
7
-257
11
11
13
13
10
12
11
11
11
9
8
5
-257
0
0
0
20
0
3
3
0
8
0
