2
0
3
4
5
4
4
3
4
4
4
5
3
4
4
4
4
3
3
3
4
4
-253
1
-250
4
-252
4
4
5
4
4
0
-257
5
-257
0
4
4
3
3
3
2
3
4
3
3
3
4
3
4
4
4
4
3
4
4
4
4
4
4
1
6
7
5
4
4
5
4
3
4
3
4
4
2
4
4
3
4
4
3
4
3
4
4
-253
3
-253
511
1
-257
4
-257
3
-257
5
-257
0
-247
8
7
8
14
23
20
0
0
0
4
8
0
28
21
0
0
0
0
0
17
15
0
14
15
3
0
0
0
0
0
2
-257
14
-257
6
6
9
18
0
8
9
6
0
0
0
0
0
0
0
0
0
0
8
0
8
10
11
2
0
0
-256
0
-238
1
-253
6
-255
22
15
-257
0
-257
0
-257
5
9
1
10
9
7
36
5
0
10
18
10
4
4
14
8
10
22
12
8
7
12
7
0
13
8
14
0
7
10
26
37
42
-257
15
-257
0
-257
5
-257
6
6
7
5
6
5
5
5
4
0
4
5
5
4
-257
4
-257
0
