0
3584
3840
1280
512
0
0
1280
1280
256
1024
-257
-256
-256
1280
1024
1024
1024
0
1024
-257
1024
1536
1024
1024
1536
512
0
1280
3328
256
0
0
0
1536
-256
-256
1024
512
1280
1024
1024
1024
1024
1024
1024
1024
1280
1280
1024
1024
1024
1024
768
-257
-257
-257
1024
-256
-256
768
1024
1024
768
1024
-257
-257
-257
-256
-256
-256
768
1024
768
1024
1024
768
1024
1024
-256
-256
-256
1280
768
1024
768
1024
1024
1024
1024
1280
1024
1024
1024
768
1024
768
1024
768
0
1024
768
768
1024
1024
1024
256
1024
1024
0
1024
-257
-257
768
-256
-256
768
1024
1024
768
768
768
-257
-257
-257
-256
-256
1024
768
768
768
768
768
-257
768
768
1024
1024
256
1024
768
768
0
1024
768
-257
-257
-256
-256
-256
1024
768
1024
768
768
1024
1024
768
768
512
1024
512
768
1024
768
512
1280
1024
-257
-257
-256
-256
-256
1024
768
1024
256
1024
1024
-257
-257
768
-256
1024
512
1536
1024
768
768
768
1024
1024
1024
1024
1024
1024
1024
1024
1024
768
768
512
1024
-257
-256
-256
-256
1024
768
1024
0
1024
1024
768
768
768
768
-256
768
512
768
768
768
768
-257
-257
-257
-256
-256
-256
1024
1024
1024
768
768
768
768
1024
1024
768
1024
768
768
768
768
1024
768
768
1024
768
1024
1024
1024
1024
768
1024
1024
1024
1024
-257
1024
768
768
768
768
768
768
768
1024
768
1280
1024
-256
-256
-256
768
768
768
768
1024
768
-257
768
1024
1024
1024
1024
1024
1024
768
512
768
-257
-257
-257
1024
1024
-256
768
1024
1024
1024
768
768
768
1024
768
1024
768
768
256
768
256
1280
1024
0
1024
1024
768
1024
1024
768
768
768
768
768
-257
-257
-257
-256
-256
-256
768
1024
1024
1024
768
1024
-257
-257
-256
